4294967278,36
4294967278,35
4294967278,34
4294967278,33
4294967278,32
4294967278,31
4294967278,30
4294967278,29
4294967278,28
4294967278,27
4294967278,26
4294967278,25
4294967278,24
4294967278,23
4294967278,22
4294967278,21
4294967278,20
4294967278,19
4294967278,18
4294967278,17
4294967278,16
4294967278,15
4294967278,14
4294967278,13
4294967278,12
4294967278,11
4294967278,10
4294967278,9
4294967278,8
4294967278,7
4294967278,6
4294967278,5
4294967294,427
4294967279,283
4294967294,18
4294967294,127
4294967294,14
4294967294,126
4294967294,20
4294967294,13
4294967278,265
4294967279,265
4294967278,264
4294967279,282
31,4
4294967279,277
32,4
4294967278,131
4294967278,129
4294967278,127
4294967278,126
4294967278,125
4294967278,124
4294967278,119
4294967278,117
4294967278,115
4294967278,114
4294967278,113
4294967278,112
4294967278,111
4294967278,108
4294967278,106
4294967278,104
4294967278,103
4294967278,102
4294967278,101
4294967278,96
4294967278,94
4294967278,92
4294967278,91
4294967278,90
4294967278,89
4294967278,87
4294967278,84
4294967278,82
4294967278,80
4294967278,79
4294967278,78
4294967278,77
4294967278,76
4294967278,75
4294967278,74
4294967278,72
4294967278,71
4294967278,70
4294967278,69
4294967278,68
4294967278,65
4294967278,64
4294967278,63
4294967278,62
4294967278,60
4294967278,59
4294967278,58
4294967278,57
4294967278,56
4294967278,53
4294967278,52
4294967278,50
4294967278,49
4294967278,48
4294967278,47
4294967278,46
4294967278,45
4294967278,44
4294967278,43
4294967278,42
4294967278,41
4294967278,40
4294967278,39
4294967278,38
4294967278,37
4294967279,294
4294967279,51
4294967279,50
4294967279,293
4294967279,49
4294967279,46
4294967279,157
4294967279,44
4294967279,43
4294967279,42
4294967279,41
4294967279,40
4294967279,39
4294967279,38
4294967279,37
4294967279,36
4294967279,35
4294967279,34
4294967279,33
4294967279,32
4294967279,31
4294967279,30
4294967279,29
4294967279,28
4294967279,27
4294967279,26
4294967279,25
4294967279,24
4294967279,23
4294967279,22
4294967279,21
4294967279,20
4294967279,19
4294967279,18
4294967279,17
4294967279,16
4294967279,15
4294967279,14
4294967279,13
4294967279,12
4294967279,264
4294967279,11
4294967279,10
4294967279,9
4294967279,8
4294967279,7
4294967279,6
4294967279,318
4294967294,30
4294967294,946
4294967294,945
4294967294,943
4294967294,942
4294967294,937
4294967294,926
4294967294,898
4294967294,896
4294967294,438
4294967294,831
4294967294,830
4294967294,60
4294967294,68
4294967294,12
4294967294,11
4294967279,5
4294967279,257
4294967278,123
4294967294,389
4294967294,114
4294967294,115
4294967294,120
4294967278,574
4294967279,4
4294967279,275
4294967278,573
4294967278,132
4294967279,380
4294967278,314
4294967278,130
4294967278,316
4294967278,313
4294967279,379
4294967279,378
4294967278,128
4294967278,256
4294967278,310
4294967278,254
37,6
4294967278,309
37,5
37,4
4294967278,308
37,3
37,2
37,1
4294967278,307
4294967278,122
4294967278,252
4294967278,121
4294967278,251
4294967278,120
4294967278,249
4294967278,246
4294967294,38
4294967278,118
4294967278,244
4294967278,245
4294967278,242
4294967278,116
4294967278,241
4294967278,238
4294967278,237
36,6
36,5
4294967278,236
36,4
36,3
36,2
36,1
4294967278,234
4294967294,924
4294967294,907
4294967294,99
4294967294,76
4294967294,36
4294967294,39
4294967294,41
4294967278,110
4294967278,231
4294967294,42
4294967278,109
4294967278,229
4294967278,226
4294967294,45
4294967294,393
4294967294,52
4294967294,417
4294967294,51
4294967294,92
4294967294,91
4294967294,88
4294967294,86
4294967294,85
4294967294,82
4294967278,107
4294967278,224
4294967278,225
4294967278,222
4294967278,105
4294967278,221
4294967294,83
29,9
29,8
29,6
29,5
29,4
4294967278,216
4294967278,212
35,6
4294967278,214
35,5
35,4
4294967278,213
35,3
35,2
35,1
4294967278,572
4294967278,100
4294967278,571
4294967278,99
4294967278,98
4294967278,305
4294967278,97
4294967278,304
4294967278,208
4294967278,207
4294967278,570
4294967278,0
4294967278,95
4294967278,206
4294967278,93
4294967278,302
28,4
4294967278,204
4294967278,203
34,6
34,5
4294967278,202
34,4
34,3
34,2
34,1
4294967278,201
4294967294,1417
4294967294,5
4294967294,81
4294967294,50
4294967294,395
4294967294,178
4294967294,179
4294967294,385
4294967294,407
4294967294,422
4294967294,403
4294967294,183
4294967294,450
4294967294,453
4294967294,109
4294967294,189
4294967294,388
4294967278,86
4294967278,85
4294967278,197
4294967294,37
4294967278,83
4294967278,196
4294967278,195
4294967278,81
4294967278,299
27,4
4294967278,192
33,5
4294967278,191
33,4
33,3
33,2
33,1
